Model file by Peter Golaszewki CS4731 C98 1/27/98
17
0 
 0 0 0
 35 35 20
 10 1
0 
 35 25 0
 10 10 10
 6 0
0
 50 10 0
 10 20 10
 6 0
0
 50 -15 0
 10 10 10 
 6 2
0 
 -35 25 0
 10 10 10
 6 0
0
 -50 10 0
 10 20 10
 6 0
0
 -50 -15 0
 10 10 10
 6 2
0
 30 -30 0
 12 7 12
 6 1 
0
 30 -40 0
 10 5 10
 6 1 
0
 30 -50 0
 10 5 10
 6 1 
0
 30 -60 0
 20 5 20
 6 2 
0
 -30 -30 0
 12 7 12
 6 1 
0
 -30 -40 0
 10 5 10
 6 1
0
 -30 -50 0
 10 5 10
 6 1
0
 -30 -60 0
 20 5 20
 6 2
0 
 0 50 0
 20 15 30
 6 3
0 
 0 -80 0
 70 10 70
 10 4
10
255 50 50
50 20 255
60 255 30
255 255 80
255 255 255
255 255 255
255 255 255
255 255 255
255 255 255
255 255 255
255 255 255
255 255 255
255 255 255
255 255 255
255 255 255
255 255 255
255 255 255
255 255 255







